first opt result: [20, 70, 88, 71, 84, 94, 95, 66, 98, 55, 54, 80, 59, 34, 21, 44, 4, 8, 5, 39, 30, 48, 38, 45, 49, 35, 85, 0, 10, 9, 31, 81, 50, 11, 14, 67, 77, 89, 27, 99]


from 51 to 40 : [ 4,  8,  9, 10, 12, 13, 14, 25, 25, 26, 27, 30, 31, 34, 35, 38, 39,
       44, 45, 48, 49, 54, 55, 58, 59, 66, 70, 70, 71, 77, 80, 81, 84, 85,
       88, 89, 95, 95, 98, 99]

from 40 to 39: remove 40 or 90

from 38 to ?: [ 4  5  8  9 12 16 20 21 25 26 27 30 31 34 35 38 39 44 45 48 49 54 55 58
 59 66 67 76 77 80 81 84 85 88 89 94 95 98]






HPC LATTICES

original: [5,6,9,10,17,18,21,22,27,28,31,32,35,36,39,40,45,46,49,50,55,56,59,60,67,68,71,72,77,78,81,82,85,86,89,90,95,96,99,100]

Lattice1: remove 90     (redo)
Lattice2: [ 5,  6,  9, 10, 13, 14, 17, 18, 21, 22, 25, 26, 27, 28, 31, 32, 35, 36, 39, 40, 45, 46, 49, 50, 56, 59, 60, 63, 67, 68, 71, 77, 78, 81, 82, 85, 86, 89, 90, 96]
